00000000111100 00000000001100 00000000011110 00000111111110 00000001111111 00011111111110 11111111111111 00011111111110 00000001111111 00000111111110 00000000011110 00000000001100 00000000111100
00001100100000 00000100001000 00010010101000 00010011001000 01000111101110 10110001010100 00001101001100 00101101001010 00000011010110 00101111010000 01001001001010 00000100110000 00000011000000
001111110000111
001000111000100
001110010111100101111010011011101110110011111010111110101110110001101110011110100111100100111001
001110000111101001111111011011011110110011111010111110101110110001101101011111110111101000111000
000000000000111000011000101111100110110100111101001111000011110101101101101111100001100000001110
000000000111100000011101101111100110110000111100001111000011110001101100101111100001110101111000
000000000000000000011010001111010110100011111100111111000110100000111101000110100000000000000000
000000000000000000011001001110100110110111111010111110100110110100111010000110010000000000000000
0000100000110000111100110111011111011111001110100111111011111101110100111110001111100110111001111000011000000100
0001000100100101000100010100100000101000100000000010001010000010010100010001010010010001000